tab = [-2  1   1   0   1;
          1  -1   0   1   1;
          -1 -1   0   0   0];
tab(2,:) = tab(2,:) + tab(1,:)

tab =

    -2     1     1     0     1
    -1     0     1     1     2
    -1    -1     0     0     0

tab(3,:) = tab(3,:) + tab(1,:)

tab =

    -2     1     1     0     1
    -1     0     1     1     2
    -3     0     1     0     1

diary off
