B = inv(1/3 * [1 1 -1; 1 -2 2; -1 2 1])

B =

     2     1     0
     1     0     1
     0     1     1

D = B * [2/3 0 4/3; -7/3 3 -2/3; -2/3 -2 2/3]

D =

   -1.0000    3.0000    2.0000
         0   -2.0000    2.0000
   -3.0000    1.0000         0

c_B = [-1; -3; 1];
b = B * [4; 2; 2]

b =

    10
     6
     4

c_D = [8/3 -11 4/3] + c_B' * B' * D

c_D =

   13.6667  -28.0000   -8.6667

diary off
